00000000
00000000
00000000
00000000
20100003
3c011001
34310000
00104080
02289020
02489820
0c100057
00000000
00000000
00000000
00000000
00112020
00132820
00123020
00103820
0c100027
00000000
00000000
00000000
00000000
08100065
00000000
00000000
00000000
00000000
2084fffc
8c8a0000
acaa0000
ac800000
20a50004
03e00008
00000000
00000000
00000000
00000000
14e00009
00000000
00000000
00000000
00000000
03e00008
00000000
00000000
00000000
00000000
23bdfffc
afbf0000
20e7ffff
00054020
00062820
00083020
0c100027
00000000
00000000
00000000
00000000
00054020
00062820
00083020
0c10001d
00000000
00000000
00000000
00000000
00044020
00062020
00083020
0c100027
00000000
00000000
00000000
00000000
00044020
00062020
00083020
20e70001
8fbf0000
23bd0004
03e00008
00000000
00000000
00000000
00000000
00104020
ae280000
22310004
2108ffff
1500fffc
00000000
00000000
00000000
00000000
03e00008
00000000
00000000
00000000
00000000
00000000
